,QUANTITYORDERED,PRICEEACH,SALES,MSRP,ORDER_YEAR,ORDER_MONTH_NUM
QUANTITYORDERED,1.0,0.005564033259241446,0.551426191918359,0.01788096182424648,0.06953488241608168,-0.039048346745897626
PRICEEACH,0.005564033259241446,1.0,0.657840928317687,0.6706249491694661,-0.005938470261430394,0.005151966789452807
SALES,0.551426191918359,0.657840928317687,1.0,0.635239434057251,0.035646893086239084,-0.009605185692693727
MSRP,0.01788096182424648,0.6706249491694661,0.635239434057251,1.0,-0.014309835289890696,0.0081703462878515
ORDER_YEAR,0.06953488241608168,-0.005938470261430394,0.035646893086239084,-0.014309835289890696,1.0,-0.43016307453749014
ORDER_MONTH_NUM,-0.039048346745897626,0.005151966789452807,-0.009605185692693727,0.0081703462878515,-0.43016307453749014,1.0
